	1	307.828	304.564	0.289993	77.6019	333.727	275.133	0.715129	140.253
	1	307.988	304.581	0.271778	76.0749	333.662	275.149	0.714214	140.854
	1	307.881	304.564	0.262726	72.8424	333.738	275.243	0.719961	140.557
	1	307.911	304.53	0.28699	85.539	333.677	275.144	0.728794	139.806
	1	307.922	304.468	0.319625	61.6077	333.665	275.141	0.70772	140.57
	1	307.939	304.537	0.230653	67.6241	333.682	275.085	0.719503	140.184
	1	307.926	304.474	0.159326	69.8051	333.598	275.277	0.690284	141.64
	1	292.36	307.625	0.537482	42.9564	317.087	278.8	0.532656	135.503
	1	271.873	316.292	0.66352	29.4717	293.606	289.205	0.371771	95.623
	1	269.801	316.034	0.666446	26.6563	294.442	289.182	0.323235	97.6011
	1	267.466	317.106	0.683152	24.7988	292.501	290.23	0.342411	92.2049
	1	267.141	317.065	0.670269	24.2042	292.804	290.15	0.338197	93.8882
	1	266.466	316.844	0.676549	23.0012	293.067	289.995	0.314967	95.5184
	1	266.24	316.794	0.670317	25.0294	293.25	290.034	0.337066	101.976
	1	266.109	316.816	0.675385	22.5841	293.338	289.933	0.319751	98.0638
	1	265.957	316.594	0.676361	24.8801	293.3	289.875	0.287292	101.67
	1	265.936	316.577	0.668167	24.0422	293.274	289.738	0.348207	91.2446
	1	265.838	316.527	0.675973	23.8792	293.242	289.652	0.362493	87.2769
	1	265.748	316.551	0.672662	24.613	293.275	289.637	0.312651	85.2166
	1	265.812	316.453	0.673615	24.0038	293.476	289.645	0.337366	80.9969
	1	265.727	316.29	0.680056	23.2967	293.75	289.667	0.360757	84.9317
	1	265.506	316.598	0.685864	23.4705	293.812	289.719	0.363635	81.8376
	1	265.516	316.687	0.688725	24.2378	294.015	289.712	0.333031	96.2415
	1	265.425	316.48	0.68432	25.5951	294.035	289.684	0.330345	96.164
	1	265.592	316.452	0.67166	27.0365	294.358	289.57	0.373704	84.7423
	1	265.456	316.406	0.674429	25.7051	294.084	289.469	0.376244	93.7476
	1	265.429	316.464	0.682104	25.6468	294.087	289.487	0.388557	92.9622
	1	265.402	316.441	0.672466	23.7128	294.175	289.401	0.377959	92.7736
	1	265.424	316.498	0.667709	26.5072	294.199	289.408	0.333759	97.3451
	1	265.29	316.413	0.673839	25.0252	294.207	289.482	0.319255	97.0066
	1	265.125	316.138	0.681293	25.286	294.055	289.363	0.332908	92.8156
	1	264.921	316.101	0.665623	24.3703	294.206	289.393	0.326817	86.5686
	1	264.873	316.288	0.689246	22.9168	294.241	289.383	0.329208	85.2403
	1	264.869	316.23	0.678832	22.4737	294.357	289.322	0.305538	98.1156
	1	264.906	316.156	0.659254	24.4975	294.439	289.14	0.264472	102.292
	1	264.863	316.206	0.678489	23.2198	294.468	289.145	0.307012	96.6804
	1	264.882	316.206	0.669884	24.1723	294.464	289.09	0.298717	96.992
	1	264.909	316.248	0.66415	24.2097	294.5	289.035	0.276564	99.2233
	1	264.989	316.302	0.669757	25.983	294.574	289.049	0.312469	94.6425
	1	265	316.134	0.666398	24.7014	294.611	289.084	0.318377	91.9992
	1	265.077	316.005	0.654903	22.3656	294.569	289.165	0.301104	97.9452
	1	264.953	316.053	0.690199	24.3402	294.515	289.191	0.358008	90.5191
	1	265.129	315.812	0.678088	26.4518	294.59	289.086	0.345343	91.1444
	1	265.052	315.804	0.672284	26.8058	294.55	289.021	0.319917	93.8408
	1	265.067	315.849	0.67436	28.2958	294.551	289.041	0.308079	98.1311
	1	265.008	315.741	0.687454	25.9386	294.558	289.041	0.334893	96.1036
	1	264.896	315.895	0.667029	24.8513	294.451	288.984	0.369285	94.5928
	1	265.01	315.429	0.682443	22.4265	294.461	288.722	0.348885	95.0591
	1	264.841	315.646	0.665474	24.375	294.347	288.706	0.348062	91.6437
	1	264.918	315.537	0.683465	23.2182	294.364	288.697	0.36203	89.1076
	1	264.897	315.608	0.677263	24.2827	294.39	288.717	0.355531	90.8789
	2	265.044	315.011	0.693581	25.2147	293.838	288.407	0.30908	92.6361
	2	265.058	314.966	0.690279	24.5407	293.812	288.353	0.311774	91.8465
	2	265.088	314.94	0.681626	25.9899	293.613	288.329	0.335683	91.0417
	2	265.201	314.958	0.692655	24.1827	293.489	288.313	0.352598	90.8648
	2	265.355	314.725	0.677075	25.9318	293.499	288.235	0.349178	89.8244
	2	302.214	302.191	0.490808	53.1036	314.349	272.705	0.597776	137.256
	2	337.001	295.587	0.557031	97.5847	339.306	265.547	0.831932	139.798
	2	335.624	295.285	0.511157	100.348	341.307	265.164	0.845903	139.963
	2	334.63	295.081	0.476075	100.729	342.21	265.058	0.848717	140.127
	2	334.539	295.194	0.532604	101.154	342.759	265.158	0.846049	140.275
	2	334.412	295.167	0.511168	100.145	342.988	265.182	0.84609	140.18
	2	334.899	294.578	0.494172	97.9837	342.575	264.645	0.852598	140.814
	2	334.727	294.405	0.506576	94.4822	342.871	264.727	0.857875	140.838
	2	335.075	294.531	0.561468	102.18	342.929	264.521	0.857473	141.052
	2	335.115	294.525	0.541297	103.322	342.981	264.561	0.856664	140.287
	2	334.987	294.421	0.499338	108.03	343.111	264.397	0.856826	139.965
	2	334.704	294.325	0.465497	99.1133	343.073	264.59	0.855385	140.884
	2	334.424	294.25	0.489946	99.0182	343.196	264.555	0.851222	140.199
	2	334.575	294.077	0.495863	98.3168	343.245	264.657	0.851179	139.653
	2	334.284	294.152	0.50659	96.5031	343.353	264.69	0.84791	141.369
	2	334.333	294.079	0.517623	96.2478	343.445	264.598	0.841917	141.027
	2	334.292	294.066	0.511529	96.035	343.412	264.445	0.840151	141.169
	2	334.421	294.073	0.4998	98.4111	343.42	264.627	0.842169	141.255
	2	334.379	294.105	0.477795	101.987	343.412	264.698	0.840495	141.571
	2	334.374	294.064	0.5043	96.928	343.435	264.548	0.850667	140.622
	2	334.394	293.974	0.527992	98.5511	343.344	264.306	0.851848	140.693
	2	334.821	293.908	0.524572	102.749	343.287	264.259	0.844483	140.694
	2	334.453	293.691	0.449079	101.468	343.311	264.21	0.846036	140.389
	2	334.551	293.675	0.515356	97.9642	343.401	264.323	0.851062	140.433
	2	334.541	293.658	0.401815	111.55	343.431	264.273	0.846365	140.704
	2	334.555	293.555	0.497475	100.792	343.347	264.181	0.846557	140.488
	2	334.063	293.552	0.447728	103.829	343.332	264.288	0.844164	140.095
	2	334.049	293.601	0.400929	105.454	343.48	264.299	0.849915	139.666
	2	334.125	293.552	0.476009	106.86	343.511	264.185	0.844874	139.792
	2	334.229	293.532	0.497162	104.331	343.49	264.238	0.849152	140.115
	2	334.41	293.71	0.505864	101.521	343.506	264.347	0.848735	139.176
	2	334.302	293.577	0.492718	99.4588	343.617	264.132	0.843752	140.458
	2	334.142	293.586	0.498693	102.489	343.682	264.161	0.848884	140.652
	2	334.196	293.575	0.516207	101.809	343.734	264.185	0.841618	140.879
	2	334.246	293.67	0.541057	103.353	343.957	264.351	0.843468	139.981
	2	334.238	293.686	0.503867	103.654	344.072	264.17	0.848324	140.421
	2	334.161	293.674	0.501621	105.152	344.08	264.183	0.842698	139.737
	2	333.939	293.49	0.474887	101.881	344.034	264.051	0.840792	140.557
	2	334.104	293.626	0.512816	102.921	344.121	264.087	0.849775	139.16
	2	334.066	293.509	0.442522	104.279	344.054	264.058	0.850647	139.566
	2	333.864	293.75	0.470137	103.735	344.104	263.923	0.84345	139.196
	2	333.845	293.682	0.503036	105.007	344.071	263.831	0.841627	139.345
	2	334.083	293.522	0.490104	103.053	344.048	263.862	0.847885	139.431
	2	333.811	293.462	0.415429	101.578	344.104	263.786	0.849129	138.907
	2	334.083	293.522	0.490104	103.053	344.086	263.881	0.846285	139.363
	2	333.927	293.525	0.431855	103.382	344.155	263.968	0.849521	139.41
	3	334.089	293.281	0.485895	104.491	344.036	263.882	0.850529	138.901
	3	333.841	293.149	0.488166	106.213	344.13	263.841	0.855097	139.296
	3	333.889	293.24	0.46319	103.855	344.152	263.824	0.850376	139.839
	3	333.82	293.163	0.435286	102.944	343.878	263.682	0.839874	139.683
	3	333.937	293.189	0.456978	103.419	343.784	263.525	0.838989	140.197
	3	330.361	298.096	0.519451	91.4961	342.777	267.743	0.828038	141.606
	3	313.3	331.647	0.303775	178.576	332.214	298.427	0.612728	165.761
	3	310.788	331.975	0.323761	166.677	334.499	299.776	0.592471	161.287
	3	306.433	333.259	0.325931	166.802	331.512	301.343	0.563226	168.885
	3	305.32	332.966	0.370126	1.57154	331.556	301.396	0.590195	161.422
	3	304.462	333.035	0.353934	2.95664	331.935	301.435	0.592594	163.07
	3	303.818	332.875	0.374167	172.681	332.394	301.533	0.584213	162.83
	3	303.516	332.818	0.404947	175.309	332.479	301.469	0.597007	164.79
	3	303.36	332.881	0.398169	179.646	332.514	301.468	0.592958	163.38
	3	303.052	332.794	0.367002	178.683	332.695	301.721	0.5725	161.268
	3	302.836	332.807	0.376182	4.28867	332.722	301.863	0.578919	162.507
	3	302.712	332.871	0.369343	0.459291	332.723	301.618	0.607224	165.688
	3	302.637	332.864	0.381545	1.87395	332.802	301.636	0.594488	165.27
	3	302.574	332.735	0.385303	4.11866	332.907	301.365	0.600493	168.174
	3	302.398	332.812	0.37781	1.70136	333.015	301.535	0.594995	165.682
	3	302.319	332.694	0.386565	177.928	332.937	301.495	0.592169	165.139
	3	302.251	332.677	0.384315	1.05888	332.973	301.48	0.591331	164.712
	3	302.3	332.564	0.390243	177.462	333.214	301.425	0.606775	166.809
	3	302.249	332.619	0.385297	2.74526	333.46	301.255	0.593305	164.056
	3	302.193	332.604	0.396123	9.04143	333.44	301.236	0.597708	164.319
	3	302.074	332.663	0.36935	6.76817	333.417	301.323	0.591081	163.673
	3	302.025	332.656	0.368256	5.40511	333.316	301.233	0.600985	162.026
	3	301.918	332.61	0.351824	7.07422	333.338	301.032	0.606792	164.467
	3	301.929	332.789	0.344144	4.74159	333.349	301.02	0.60581	163.379
	3	302.001	332.702	0.340253	4.47412	333.441	301.04	0.61068	165.848
	3	301.961	332.786	0.345607	4.86114	333.383	301.077	0.610717	165.873
	3	301.876	332.78	0.334755	174.679	333.392	301.035	0.614396	164.618
	3	301.754	332.819	0.353859	4.54983	333.322	301.034	0.605579	165.138
	3	301.614	332.802	0.353625	4.99029	333.338	300.904	0.588726	164.22
	3	301.648	332.861	0.337879	0.268633	333.339	300.904	0.599817	166.65
	3	301.506	332.975	0.364557	2.47345	333.416	301.151	0.587071	164.324
	3	301.688	332.874	0.356762	177.826	333.488	301.058	0.592879	163.649
	3	301.637	332.875	0.373186	178.227	333.626	301.072	0.591013	163.273
	3	301.506	332.855	0.353272	179.751	333.485	301.046	0.581947	164.391
	3	301.306	332.816	0.361822	1.92347	333.616	301.051	0.565077	163.497
	3	301.319	332.784	0.359018	2.34873	333.553	300.924	0.585085	165.659
	3	301.501	332.723	0.355126	2.91333	333.557	301.091	0.582805	160.967
	3	301.424	332.731	0.359713	6.82562	333.518	300.72	0.584316	165.173
	3	301.48	332.667	0.355585	5.2789	333.442	300.647	0.580496	164.621
	3	301.569	332.546	0.335617	2.59292	333.302	300.753	0.576527	163.289
	3	301.582	332.597	0.374369	5.8906	333.479	300.73	0.581737	165.203
	3	301.555	332.496	0.382804	6.33303	333.449	300.718	0.560501	161.414
	3	301.696	332.588	0.357228	8.64775	333.476	300.594	0.583377	163.553
	3	301.518	332.46	0.383513	4.32319	333.646	300.691	0.577649	162.633
	3	301.391	332.567	0.354091	7.54948	333.747	300.532	0.588481	164.708
	3	301.382	332.491	0.3896	5.05865	333.822	300.631	0.583996	166.075
	4	301.014	331.945	0.332121	10.3927	333.929	300.687	0.564646	165.607
	4	301.113	331.743	0.34336	3.05855	333.957	300.521	0.590875	164.248
	4	301.108	331.689	0.340096	2.23451	333.877	300.428	0.582013	166.614
	4	301.076	331.628	0.342641	11.0776	333.929	300.468	0.582153	163.267
	4	300.905	331.604	0.379744	11.7584	333.848	300.439	0.567427	165.158
	4	300.922	331.539	0.372277	10.7089	333.839	300.374	0.56703	165.281
	4	316.174	320.513	0.291893	38.4756	336.29	288.364	0.699208	160.984
	4	332.908	305.596	0.429811	83.3742	340.893	275.316	0.787834	148.131
	4	330.371	305.816	0.406931	87.4001	343.227	275.257	0.798849	147.468
	4	329.718	305.782	0.445595	92.8889	344.068	275.331	0.801478	147.049
	4	329.427	305.818	0.402739	89.9297	344.216	275.171	0.791308	147.261
	4	329.389	305.837	0.419422	91.2714	344.531	275.231	0.810576	147.324
	4	329.294	305.917	0.41757	96.6204	344.901	275.264	0.814464	146.87
	4	329.385	305.944	0.389161	99.5582	345.014	275.023	0.805171	147.237
	4	329.219	305.791	0.395732	92.4849	345.001	274.948	0.806855	147.382
	4	329.098	305.868	0.423522	92.0908	345.266	275.097	0.811158	148.306
	4	329.104	305.906	0.427732	88.906	345.187	274.968	0.80146	148.012
	4	328.992	305.99	0.350493	95.2047	345.186	274.77	0.808263	146.981
	4	329.132	306.096	0.395318	89.4668	345.198	274.796	0.803935	147.047
	4	329.17	306.005	0.403028	93.8613	345.321	274.578	0.800942	147.38
	4	329.211	305.905	0.423574	92.2521	345.296	274.48	0.805518	147.434
	4	329.202	305.847	0.429222	94.0398	345.389	274.331	0.806664	147.597
	4	329.177	305.863	0.433013	93.4569	345.427	274.42	0.797809	148.445
	4	329.084	305.863	0.373544	90.1829	345.449	274.376	0.812989	147.605
	4	329.047	305.873	0.351891	92.5492	345.542	274.293	0.807568	148.113
	4	329.056	305.815	0.370505	90.5503	345.704	274.21	0.804115	147.414
	4	329.054	305.841	0.36535	92.9521	345.627	274.146	0.810434	146.869
	4	328.902	305.764	0.385451	93.7126	345.743	274.198	0.809688	147.47
	4	328.913	306.112	0.436516	93.5398	345.572	274.184	0.80137	147.665
	4	329.056	305.882	0.391731	94.521	345.619	274.096	0.811456	147.19
	4	329.062	305.756	0.426573	93.7468	345.781	274.187	0.810232	147.592
	4	329.123	305.834	0.388173	93.5353	345.793	274.12	0.807088	147.736
	4	329.091	305.886	0.395429	89.924	345.79	274.063	0.80199	148
	4	329.128	305.763	0.393728	94.3357	345.844	274.058	0.801456	147.44
	4	329.106	305.651	0.398179	94.9109	345.825	274.065	0.800855	147.818
	4	329.117	305.742	0.397965	93.4914	345.811	274.143	0.80742	147.184
	4	329.009	305.536	0.44132	88.131	345.861	274.044	0.799761	146.892
	4	328.966	305.631	0.405559	91.449	345.981	273.978	0.803894	146.933
	4	329	305.64	0.445954	88.194	346.026	273.923	0.802657	147.127
	4	328.972	305.643	0.436226	89.5872	346.003	273.904	0.804352	146.504
	4	328.981	305.933	0.47809	94.5643	345.965	273.936	0.799887	146.703
	4	328.84	305.803	0.500035	90.0215	345.92	273.925	0.7985	146.958
	4	328.895	305.85	0.483824	94.4035	345.947	274.009	0.804144	146.786
	4	328.742	305.899	0.483498	94.0646	345.885	273.944	0.798018	147.02
	4	328.934	305.582	0.394834	97.3866	345.88	274.04	0.80631	147.103
	4	328.922	305.575	0.42866	102.358	345.922	274.057	0.794444	147.073
	4	329.017	305.602	0.442517	94.9598	345.885	274.072	0.804232	148.057
	4	329.027	305.471	0.437949	96.2918	346.035	274.24	0.807599	147.694
	4	329.019	305.405	0.429087	91.9446	346.035	274.24	0.807599	147.694
	4	328.875	305.419	0.406774	91.9921	345.997	274.286	0.80014	147.033
	4	328.91	305.381	0.433776	88.0016	345.977	274.206	0.799181	147.254
	5	328.675	305.044	0.428458	99.2917	345.767	274.072	0.802767	147.426
	5	328.726	304.98	0.402723	99.5269	345.736	273.972	0.815689	146.703
	5	328.732	304.997	0.410898	101.475	345.7	273.926	0.815897	146.775
	5	328.735	305.017	0.438216	97.7995	345.722	273.911	0.809505	146.748
	5	328.712	305.073	0.439859	97.9221	345.715	273.867	0.81333	147.659
	5	328.718	305.07	0.443587	96.0438	345.633	274.006	0.799361	147.414
	5	328.655	305.261	0.415203	92.4252	345.575	274.294	0.816322	148.158
	5	326.281	320.639	0.251577	117.752	344.551	287.013	0.747576	159.486
	5	325.621	320.605	0.239931	110.866	345.183	287.383	0.766731	157.554
	5	325.319	320.309	0.144987	76.0453	345.581	287.357	0.766631	159.774
	5	324.761	320.501	0.184699	91.5853	345.576	287.34	0.762119	160.539
	5	325.605	320.372	0.26785	102.653	345.987	287.347	0.76429	159.296
	5	325.24	320.38	0.181072	79.3826	346.329	287.29	0.76537	158.379
	5	325.139	320.386	0.228197	85.5656	346.734	287.472	0.769263	159.033
	5	325.072	320.461	0.214137	84.5114	346.753	287.266	0.76287	159.16
	5	325.009	320.566	0.264295	89.9488	346.797	287.434	0.766353	159.127
	5	324.938	320.498	0.236778	105.636	346.857	287.306	0.761568	158.535
	5	324.781	320.477	0.167891	87.0647	346.902	287.265	0.767615	158.702
	5	324.706	320.465	0.22606	98.5895	347.012	287.322	0.757826	158.541
	5	324.706	320.38	0.241351	94.4743	347.196	287.173	0.751138	158.688
	5	324.476	320.152	0.162578	86.6876	347.218	287.14	0.750882	160.371
	5	324.418	320.137	0.225329	107.859	346.826	286.722	0.750109	157.979
	5	324.399	320.166	0.254174	112.769	346.899	286.674	0.748342	157.77
	5	324.343	320.016	0.27407	104.714	346.729	286.494	0.751667	159.271
	5	324.174	320.077	0.287823	103.265	347.021	286.672	0.752986	159.027
	5	324.149	319.857	0.260994	82.3182	346.936	286.556	0.762236	159.175
	5	324.138	319.958	0.219078	94.9599	347.189	286.507	0.760651	157.55
	5	324.384	319.964	0.275141	113.391	347.466	286.623	0.764675	157.994
	5	324.747	320.097	0.235867	97.4211	347.68	286.675	0.770871	158.274
	5	324.064	319.719	0.257572	87.9489	347.456	286.492	0.760511	159.726
	5	324.035	319.658	0.262543	95.1848	347.451	286.501	0.75836	159.256
	5	323.961	319.584	0.232924	98.6969	347.499	286.336	0.761064	158.482
	5	324.03	319.619	0.242378	93.8374	347.488	286.356	0.766034	159.186
	5	324.07	319.549	0.239276	107.008	347.452	286.455	0.765603	157.697
	5	323.935	319.564	0.276779	93.1729	347.482	286.345	0.766852	159.234
	5	324.025	319.517	0.274182	99.0174	347.233	286.478	0.770687	160.081
	5	323.982	319.482	0.284288	84.1962	347.272	286.561	0.763457	158.774
	5	323.949	319.513	0.278332	105.343	347.226	286.599	0.765392	158.854
	5	323.929	319.491	0.235576	100.752	347.38	286.496	0.763101	158.149
	5	323.995	319.514	0.319534	91.304	347.339	286.388	0.752552	158.65
	5	323.976	319.256	0.251214	86.7294	347.454	286.207	0.764473	157.181
	5	324.062	319.244	0.258821	73.9511	347.456	286.243	0.759877	157.409
	5	324.009	319.235	0.215444	55.4514	347.409	286.124	0.751911	158.068
	5	323.969	319.244	0.180811	71.5825	347.434	286.176	0.756771	156.55
	5	324.173	319.059	0.155081	110.283	347.355	286.175	0.753017	157.277
	5	324.076	318.988	0.148465	83.0769	347.548	285.994	0.757979	157.625
	5	324.053	319.002	0.211441	83.786	347.461	285.929	0.762563	157.063
	5	323.889	319.054	0.265466	94.3649	347.469	285.921	0.762166	157.571
	5	324.083	318.706	0.167318	86.6664	347.425	286.117	0.761751	157.143
	5	324.221	318.923	0.234777	77.2319	347.506	286.156	0.758084	155.183
	5	324.177	318.633	0.218419	81.0521	347.529	286.211	0.763295	157.964
	6	325.014	317.52	0.224926	83.1103	345.873	284.981	0.762715	159.264
	6	324.952	317.518	0.215753	103.279	346.136	285.062	0.751042	158.477
	6	324.987	317.69	0.24505	86.682	346.314	285.066	0.755327	157.604
	6	324.699	317.649	0.239429	97.4094	346.446	285.248	0.759363	155.656
	6	324.569	317.786	0.309503	88.7188	346.56	285.378	0.766917	155.367
	6	324.454	317.485	0.275889	94.637	346.509	285.011	0.755962	156.351
	6	321.455	294.042	0.407413	70.9303	329.609	263.878	0.763645	138.255
	6	319.429	293.882	0.455685	77.3456	331.238	264.05	0.753057	136.487
	6	316.66	287.535	0.550923	74.8067	325.197	257.809	0.757859	129.203
	6	315.155	287.005	0.568277	76.2532	326.36	257.578	0.74304	127.135
	6	314.72	286.994	0.590786	77.2145	326.826	257.383	0.752349	127.611
	6	314.715	286.808	0.582934	79.1075	326.924	256.92	0.758101	128.243
	6	314.13	286.327	0.577444	76.5847	326.493	256.453	0.749058	127.466
	6	314.129	286.22	0.5739	77.4242	326.663	256.36	0.753491	127.203
	6	313.998	286.381	0.596639	77.1063	326.722	256.199	0.761169	127.064
	6	313.832	286.354	0.571026	76.468	327.01	256.151	0.748345	125.767
	6	313.875	286.372	0.577383	79.7373	327.001	256.171	0.747882	125.969
	6	314.032	286.438	0.580462	78.8602	327.114	256.181	0.742159	126.548
	6	313.951	286.411	0.577911	78.5189	327.161	256.246	0.738652	126.925
	6	313.745	286.294	0.568671	74.633	327.204	256.266	0.737083	126.654
	6	313.653	286.234	0.564941	76.5664	327.204	256.266	0.737083	126.654
	6	313.75	286.329	0.576036	76.7729	327.138	256.138	0.742953	126.446
	6	313.535	286.165	0.567764	77.6409	327.314	256.005	0.760909	127.864
	6	313.757	286.154	0.555247	76.1228	327.393	256.011	0.748977	129.021
	6	313.564	285.908	0.575155	76.5202	327.396	255.882	0.745742	127.508
	6	313.362	285.851	0.555726	72.9797	327.542	255.953	0.757991	126.458
	6	313.414	285.724	0.582447	78.3644	327.469	255.801	0.770264	126.596
	6	313.371	285.712	0.578077	75.5503	327.45	255.717	0.769533	127.366
	6	313.098	285.573	0.562407	70.3375	327.57	255.766	0.762163	127.478
	6	313.074	285.443	0.555244	71.0573	327.502	255.753	0.759601	127.74
	6	313.255	285.457	0.573055	75.0162	327.637	255.75	0.759135	127.735
	6	313.198	285.474	0.574376	72.2978	327.485	255.691	0.757036	126.97
	6	313.139	285.487	0.555391	69.8938	327.621	255.689	0.761159	126.534
	6	312.976	285.348	0.580234	71.6427	327.583	255.624	0.763653	127.202
	6	312.767	285.341	0.540818	72.997	327.469	255.698	0.753296	127.623
	6	312.973	285.15	0.566939	73.4046	327.502	255.665	0.758427	126.997
	6	312.899	285.076	0.576804	76.746	327.428	255.621	0.763709	127.481
	6	312.866	285.153	0.571059	73.6142	327.421	255.604	0.76377	127.202
	6	312.878	284.971	0.561959	75.0978	327.485	255.639	0.765572	127.679
	6	312.915	285.074	0.56059	73.256	327.452	255.58	0.767315	128.9
	6	313.081	284.976	0.58716	75.5584	327.467	255.655	0.765392	127.405
	6	312.993	285.007	0.584448	76.6055	327.447	255.651	0.767944	126.675
	6	312.735	285.049	0.574344	70.7981	327.372	255.586	0.770701	127.625
	6	312.775	285.02	0.557769	72.8741	327.517	255.49	0.761222	128.191
	6	312.885	285.132	0.572773	72.5458	327.381	255.455	0.769791	127.672
	6	312.727	285.239	0.598539	70.9844	327.519	255.486	0.758847	128.765
	6	312.75	285.189	0.571152	72.3217	327.43	255.388	0.765789	128.578
	6	312.776	285.285	0.554752	73.2381	327.382	255.298	0.766769	128.595
	6	312.805	285.315	0.575623	74.1909	327.473	255.383	0.76588	127.905
	6	312.761	285.209	0.575125	73.0862	327.625	255.424	0.765228	127.195
	6	314.247	285.993	0.602845	80.8679	328.524	255.822	0.770003	129.491
	7	312.84	286.254	0.589265	74.9938	328.393	255.867	0.748563	128.649
	7	312.357	286.127	0.572304	70.9955	328.149	255.705	0.735681	125.634
	7	312.463	286.18	0.59797	74.9031	328.147	255.761	0.734777	126.712
	7	312.039	286.123	0.5953	70.4123	328.217	255.813	0.736654	126.549
	7	312.089	286.185	0.585412	72.6688	328.147	255.759	0.738833	126.84
	7	295.58	309.787	0.505	35.7359	313.797	278.356	0.577941	146.039
	7	290.309	318.579	0.55344	28.5611	311.678	287.862	0.466421	151.197
	7	288.803	318.558	0.51768	28.3926	312.698	287.825	0.484362	152.677
	7	286.961	329.49	0.442047	13.6759	309.436	299.289	0.320335	175.642
	7	285.558	329.096	0.396626	28.1029	310.949	299.038	0.333344	172.228
	7	284.741	329.21	0.4425	16.7695	311.746	299.078	0.367656	165.134
	7	285.247	327.386	0.470272	22.9267	311.843	297.256	0.403109	161.658
	7	284.059	327.665	0.473144	22.8828	312.816	297.575	0.354508	168.345
	7	283.872	327.76	0.457861	22.7622	313.134	297.494	0.380443	161.325
	7	283.79	327.601	0.431722	21.4634	313.37	297.476	0.380757	158.065
	7	283.977	326.864	0.47882	14.5887	313.744	296.832	0.42809	163.296
	7	283.864	326.858	0.483066	13.9622	314.025	296.58	0.383479	167.537
	7	283.75	326.59	0.465114	18.8014	314.089	296.502	0.376517	164.185
	7	283.547	326.632	0.453889	21.5167	314.143	296.429	0.384004	162.692
	7	283.36	326.438	0.489187	20.4466	314.294	296.386	0.383446	161.92
	7	283.191	326.345	0.487903	19.615	314.311	296.198	0.387892	157.841
	7	283.208	326.339	0.473892	19.7916	314.326	296.226	0.403108	160.476
	7	283.173	326.276	0.475561	20.5528	314.346	296.23	0.395015	162.591
	7	283.087	326.318	0.473629	20.7144	314.352	296.337	0.381621	164.506
	7	283.083	326.222	0.476918	22.6709	314.514	296.232	0.413216	158.647
	7	282.955	326.251	0.478469	22.1996	314.546	296.196	0.433221	157.199
	7	282.953	326.282	0.467994	24.5948	314.665	296.089	0.415968	159.574
	7	282.954	326.336	0.471486	21.818	314.761	296.221	0.403951	160.747
	7	282.866	326.368	0.479679	21.3732	314.715	296.161	0.397369	157.927
	7	282.774	326.333	0.479744	21.6501	314.712	296.241	0.410753	161.204
	7	282.764	326.3	0.464832	30.9817	314.666	296.273	0.406742	158.358
	7	282.766	326.316	0.463982	30.3287	314.675	296.111	0.403568	163.306
	7	282.726	326.274	0.472366	30.9024	314.72	296.008	0.360063	160.618
	7	282.743	326.138	0.467624	25.3542	314.693	295.807	0.36552	161.058
	7	282.704	326.31	0.456146	27.18	314.713	295.872	0.408125	162.431
	7	282.699	326.366	0.456559	26.8447	314.292	295.887	0.373166	164.155
	7	282.714	326.45	0.454157	22.3913	314.504	295.846	0.355988	159.212
	7	282.607	326.463	0.451838	25.8784	314.492	295.816	0.357963	165.972
	7	282.478	326.484	0.470613	28.8644	314.58	295.888	0.403253	160.87
	7	282.324	326.629	0.489843	25.4902	314.761	295.992	0.414318	159.172
	7	282.302	326.696	0.493576	29.7488	314.843	295.943	0.402606	159.504
	7	282.267	326.557	0.501345	23.7007	314.824	295.601	0.397353	159.69
	7	281.242	326.747	0.511631	26.7972	313.802	295.914	0.380997	160.017
	7	281.345	326.585	0.484431	25.5601	313.693	295.612	0.398877	164.536
	7	281.282	326.444	0.491947	22.7292	313.525	295.543	0.391799	167.665
	7	281.323	326.561	0.506482	21.9588	313.762	295.524	0.400981	160.423
	7	282.086	326.781	0.494482	22.6702	314.357	295.488	0.375561	168.188
	7	281.999	326.772	0.51315	25.642	314.337	295.589	0.367594	163.76
	7	281.957	326.758	0.505004	21.4768	314.138	295.485	0.34031	163.119
	7	281.892	326.649	0.50525	22.3654	314.199	295.477	0.32355	166.273
	7	281.845	326.635	0.491988	24.6605	314.174	295.53	0.315242	161.539
	8	281.684	326.54	0.470813	21.7696	314.305	295.449	0.372833	165.308
	8	281.622	326.395	0.462603	25.831	314.25	295.322	0.412209	158.012
	8	281.658	326.395	0.468944	22.6831	314.358	295.254	0.382448	156.746
	8	281.445	326.38	0.468058	26.2707	314.3	295.227	0.390883	158.997
	8	281.533	326.362	0.458023	28.4515	314.31	295.194	0.397613	155.283
	8	281.65	326.215	0.474448	24.2671	314.247	295.134	0.396824	157.704
	8	287.273	313.09	0.578764	30.4308	310.454	282.196	0.453513	145.188
	8	285.897	313.089	0.579922	32.119	311.531	282.186	0.462577	135.328
	8	285.747	312.905	0.578144	32.471	311.764	281.867	0.465701	138.349
	8	286.359	311.773	0.593957	31.4147	311.552	280.644	0.489408	139.149
	8	286.191	311.572	0.582694	31.7549	311.754	280.558	0.482284	138.364
	8	286.053	311.555	0.609292	34.4216	311.847	280.568	0.471412	138.067
	8	285.93	311.573	0.583229	31.9264	311.806	280.594	0.459655	136.057
	8	285.888	311.512	0.585497	31.6902	311.785	280.736	0.465118	138.208
	8	285.835	311.624	0.606553	30.8396	311.855	280.8	0.472948	138.671
	8	285.964	311.461	0.597071	31.0879	312.118	280.639	0.480469	133.564
	8	285.926	311.486	0.603855	30.5146	312.096	280.628	0.478643	132.39
	8	285.977	311.45	0.616176	30.0813	312.058	280.638	0.468685	131.468
	8	285.918	311.42	0.620187	29.7919	312.06	280.692	0.491716	132.525
	8	285.796	311.253	0.615156	28.5641	312.034	280.669	0.506657	133.859
	8	285.772	311.231	0.61293	28.7516	311.771	280.692	0.468426	136.883
	8	285.773	311.136	0.626848	29.5034	311.856	280.706	0.461618	137.083
	8	285.758	311.015	0.626022	28.7106	311.82	280.671	0.487839	137.416
	8	285.756	310.964	0.623483	29.3685	311.841	280.738	0.480932	138.074
	8	285.788	311.015	0.618814	29.7058	311.825	280.669	0.50396	138.267
	8	285.783	310.895	0.605746	27.6137	312.004	280.759	0.499076	138.675
	8	285.683	310.89	0.618563	29.8564	311.9	280.756	0.492433	137.342
	8	285.716	310.875	0.621822	29.5986	312.001	280.718	0.495336	138.415
	8	285.622	310.812	0.602829	29.2251	311.967	280.776	0.50337	138.566
	8	285.621	310.976	0.610389	28.4304	311.988	280.665	0.492298	138.84
	8	285.628	310.902	0.611288	27.5789	312.128	280.636	0.485694	138.751
	8	285.549	310.977	0.601605	29.2146	312.197	280.722	0.466742	138.594
	8	285.549	310.94	0.613767	28.2717	312.341	280.714	0.471495	135.864
	8	285.589	310.954	0.609843	27.9325	312.335	280.651	0.469739	138.056
	8	285.555	310.979	0.608805	28.1027	312.405	280.582	0.469945	133.272
	8	285.563	310.933	0.620618	27.6773	312.332	280.393	0.466046	138.148
	8	285.549	310.911	0.614413	26.5851	312.399	280.482	0.460818	138.144
	8	285.537	310.939	0.614065	28.3731	312.378	280.372	0.445908	140.964
	8	285.409	310.969	0.61403	30.276	312.162	280.397	0.447874	140.225
	8	285.43	310.97	0.6121	28.2067	312.243	280.319	0.437095	138.726
	8	285.453	310.888	0.609049	29.1675	312.19	280.201	0.44698	144.47
	8	285.426	310.931	0.611223	29.361	312.176	280.175	0.473682	140.833
	8	285.476	310.876	0.60225	29.43	312.359	280.284	0.430928	143.7
	8	285.348	310.898	0.579759	27.8129	312.407	280.234	0.445722	147.347
	8	285.291	310.882	0.599813	27.7299	312.237	280.228	0.427498	142.53
	8	285.321	310.793	0.611343	28.258	312.336	280.213	0.45516	144.359
	8	285.298	310.81	0.611529	28.1293	312.383	280.253	0.440099	143.391
	8	285.305	310.873	0.592744	29.6715	312.144	280.003	0.447065	140.288
	8	285.295	310.825	0.608634	28.5909	312.218	280.004	0.468391	139.498
	8	285.238	310.856	0.612021	29.1568	312.06	279.985	0.469866	139.019
	8	285.033	310.93	0.604028	28.9926	312.049	280.097	0.473221	138.348
	9	284.998	310.791	0.616388	26.2355	312.09	279.711	0.458511	134.487
	9	285.007	310.823	0.607371	26.2356	312.409	279.723	0.477469	139.329
	9	284.942	310.86	0.614237	25.174	312.362	279.677	0.484462	139.646
	9	284.918	310.737	0.613537	25.4604	312.135	279.664	0.497565	140.947
	9	285.011	310.287	0.605075	25.8403	311.905	279.161	0.485708	136.067
	9	290.903	294.536	0.577904	44.0234	307.35	264.564	0.59497	124.249
	9	289.744	294.533	0.588933	42.4916	308.462	264.624	0.593027	121.87
	9	289.21	294.526	0.591552	44.0241	308.837	264.558	0.588388	125.539
	9	289.346	295.656	0.598265	42.9563	309.554	265.622	0.59464	125.656
	9	289.16	295.758	0.599907	44.022	309.587	265.625	0.581375	127.723
	9	289.3	295.645	0.599123	39.9084	309.649	265.682	0.569756	126.658
	9	288.986	295.619	0.605858	44.4081	309.758	265.696	0.583436	123.688
	9	288.944	295.537	0.610793	43.9648	309.809	265.677	0.59571	123.56
	9	288.932	295.492	0.605724	43.3429	309.837	265.594	0.60879	126.437
	9	288.902	295.526	0.592916	41.6035	309.861	265.505	0.5991	124.233
	9	288.703	295.586	0.588164	43.4537	309.799	265.616	0.613806	124.714
	9	288.795	295.518	0.581164	42.9431	309.748	265.607	0.610956	125.14
	9	288.762	295.494	0.576278	42.8629	309.77	265.578	0.605686	123.387
	9	288.795	295.524	0.576135	42.5231	309.649	265.639	0.597853	127.011
	9	288.723	295.458	0.582154	43.2776	309.571	265.578	0.591123	127.019
	9	288.709	295.322	0.585298	44.5076	309.532	265.443	0.585698	122.603
	9	288.788	295.378	0.581049	45.2329	309.676	265.479	0.58503	121.763
	9	288.703	295.234	0.591027	44.551	309.533	265.437	0.590133	124.372
	9	288.716	295.271	0.593495	45.743	309.568	265.377	0.59226	124.218
	9	288.693	295.217	0.594175	44.9296	309.607	265.494	0.585201	124.447
	9	288.704	295.294	0.588234	44.4135	309.703	265.403	0.596371	123.596
	9	288.681	295.177	0.595657	44.6534	309.726	265.404	0.586131	123.687
	9	288.742	295.323	0.585441	44.4836	309.525	265.372	0.596649	122.839
	9	288.638	295.489	0.581294	44.2216	309.733	265.491	0.585117	124.141
	9	288.67	295.486	0.595891	45.7346	309.6	265.376	0.580462	124.82
	9	288.701	295.397	0.58882	41.7246	309.787	265.363	0.581994	125.237
	9	288.659	295.226	0.58568	42.8086	309.856	265.39	0.594866	125.161
	9	288.529	295.294	0.604552	44.6157	309.784	265.225	0.585189	124.867
	9	288.678	295.21	0.569958	45.8255	309.828	265.013	0.58486	124.05
	9	288.606	295.235	0.592519	43.8611	309.859	265.012	0.596727	123.948
	9	288.421	295.376	0.577535	43.7473	309.935	264.976	0.579177	126.501
	9	288.485	295.363	0.604608	44.4861	309.936	264.957	0.580953	125.154
	9	288.397	295.371	0.585651	43.1626	309.981	264.985	0.581012	124.269
	9	288.385	295.413	0.588927	43.0497	310.057	264.893	0.597423	124.553
	9	288.245	295.483	0.593438	44.0834	310.042	264.921	0.599892	124.193
	9	288.102	295.626	0.603353	42.7568	309.95	265.025	0.583495	125.169
	9	288.159	295.512	0.596209	43.2314	310.037	264.865	0.586399	126.722
	9	288.112	295.571	0.599105	44.8472	310.021	264.861	0.596673	126.877
	9	288.196	295.548	0.59556	43.7588	309.968	264.767	0.586389	126.115
	9	288.033	295.596	0.615109	45.1247	309.901	264.806	0.586227	124.489
	9	288.009	295.667	0.609069	44.5469	310.041	264.715	0.587367	127.554
	9	288.113	295.548	0.601746	44.1012	309.928	264.728	0.584395	127.441
	9	288.14	295.559	0.605128	44.2435	309.966	264.834	0.577226	127.255
	9	288.022	295.594	0.622946	43.8422	309.949	264.701	0.586647	126.811
	9	288.122	295.503	0.622385	43.3592	309.884	264.817	0.58167	124.478
	9	288.143	295.542	0.601948	44.8983	309.926	264.741	0.582725	127.269
	10	288.159	295.137	0.595281	43.763	309.814	264.749	0.550146	122.115
	10	288.101	295.303	0.604721	43.2465	309.969	264.747	0.573511	123.535
	10	288.087	295.179	0.599814	44.5898	310.094	264.694	0.564743	125.547
	10	288.059	295.25	0.601058	45.8726	310.002	264.693	0.577065	123.33
	10	287.951	295.264	0.599076	43.7574	309.986	264.687	0.570281	123.978
	10	287.897	295.255	0.588691	45.5147	309.84	264.854	0.554777	125.36
	10	267.644	314.584	0.715523	22.8791	281.647	286.53	0.389673	81.9113
	10	260.412	321.856	0.700632	10.2282	278.686	293.324	0.246654	48.3391
	10	255.265	325.14	0.784988	9.69751	269.893	298.369	0.317211	60.3044
	10	253.996	325.153	0.790156	10.6252	270.857	298.336	0.297292	73.021
	10	253.249	325.064	0.781652	11.0591	271.053	298.255	0.351423	68.1924
	10	252.369	324.826	0.796219	11.4545	269.802	298.167	0.335151	69.9351
	10	251.882	324.842	0.810499	11.2424	270.081	298.069	0.3071	60.3405
	10	251.806	324.663	0.8011	10.9885	270.367	298.078	0.289826	64.2783
	10	251.683	324.706	0.796406	11.0165	270.738	297.839	0.340756	78.9355
	10	251.629	324.563	0.7956	11.4975	270.703	297.753	0.315753	69.1602
	10	251.569	324.546	0.801502	12.0023	270.757	297.764	0.334484	67.3192
	10	251.513	324.57	0.788507	11.8202	270.75	297.733	0.339212	71.4445
	10	251.428	324.553	0.789413	11.7489	270.784	297.722	0.330506	76.4468
	10	251.287	324.457	0.801635	13.0239	270.677	297.78	0.348832	75.9485
	10	251.154	324.389	0.799655	10.7039	270.656	297.782	0.328359	72.1517
	10	251.097	324.502	0.801384	10.0421	270.682	297.732	0.330693	75.537
	10	251.095	324.433	0.805796	10.6117	270.735	297.9	0.340542	72.7179
	10	251.03	324.592	0.793298	9.51959	270.963	297.85	0.33509	68.5211
	10	250.912	324.654	0.80402	11.1101	271.002	297.805	0.324554	69.1563
	10	250.899	324.608	0.797967	10.5404	271.069	297.715	0.315956	71.0618
	10	250.849	324.679	0.802303	11.5337	271.359	297.592	0.319891	63.1252
	10	250.883	324.598	0.802365	10.7053	271.382	297.603	0.300313	61.5483
	10	250.76	324.786	0.797554	11.6176	271.456	297.527	0.295157	61.158
	10	250.821	324.723	0.797054	11.4057	271.335	297.591	0.294054	67.8161
	10	250.77	324.577	0.793466	9.89157	271.429	297.564	0.31606	69.0033
	10	250.803	324.666	0.792882	10.7115	271.362	297.349	0.308686	70.1093
	10	250.676	324.749	0.807619	9.84027	271.335	297.384	0.312913	69.279
	10	250.687	324.453	0.800974	9.43712	271.415	297.451	0.33128	72.3366
	10	250.518	324.66	0.800954	10.5109	271.415	297.451	0.33128	72.3366
	10	250.43	324.663	0.805107	9.91472	271.273	297.502	0.263211	64.2138
	10	250.427	324.591	0.809005	11.0121	271.361	297.389	0.295211	70.929
	10	250.285	324.574	0.801559	10.6984	271.399	297.452	0.287372	72.0247
	10	250.222	324.661	0.796354	11.1245	271.249	297.44	0.273384	74.7672
	10	250.297	324.652	0.803962	10.7024	271.348	297.281	0.322974	68.5353
	10	250.379	324.702	0.80741	10.9002	271.22	297.362	0.341451	80.4177
	10	250.217	324.638	0.799122	11.2761	271.152	297.419	0.363137	77.4037
	10	250.212	324.684	0.79726	11.5189	271.072	297.414	0.330631	74.3031
	10	250.176	324.698	0.810675	12.4071	270.968	297.414	0.330245	70.3995
	10	250.17	324.575	0.807179	10.831	271.073	297.402	0.373439	76.2777
	10	250.17	324.683	0.801991	11.7207	271.165	297.362	0.311548	63.1675
	10	250.188	324.576	0.804689	11.4254	271.081	297.372	0.348086	67.3379
	10	250.163	324.604	0.797444	11.527	271.063	297.251	0.34773	67.2741
	10	250.191	324.674	0.808327	12.7645	271.163	297.216	0.34416	61.7761
	10	250.195	324.537	0.803353	10.4433	271.143	297.162	0.331278	66.1024
	10	250.164	324.75	0.798898	10.6343	271.181	297.204	0.360251	70.8474
	11	249.867	324.063	0.806725	11.1627	271.319	297.344	0.297391	70.7214
	11	249.602	324.048	0.80963	9.93014	271.325	297.33	0.358167	77.2521
	11	249.548	323.991	0.802375	10.0617	271.269	297.374	0.318353	72.846
	11	249.453	323.931	0.810197	10.6048	271.114	297.317	0.298834	60.239
	11	249.362	324.144	0.809011	10.8546	270.968	297.254	0.317574	65.9018
	11	287.701	284.868	0.669565	51.2186	285.338	257.471	0.619164	111.957
	11	290.697	282.062	0.711099	53.2278	293.166	253.612	0.643617	109.371
	11	287.227	281.788	0.72765	54.5277	295.786	253.066	0.668325	112.221
	11	294.751	281.263	0.688856	58.7558	303.229	252.826	0.691031	114.499
	11	294.068	281.094	0.677568	59.7359	304.124	252.307	0.705237	113.775
	11	293.434	280.987	0.702226	58.1061	304.639	251.861	0.71132	115.608
	11	293.308	281.024	0.690742	59.2513	304.516	251.738	0.698958	114.009
	11	293.127	281.135	0.683635	58.6521	304.788	251.713	0.701688	116.213
	11	294.58	280.751	0.669809	60.8674	306.213	251.464	0.711857	117.143
	11	294.483	280.758	0.683746	60.2304	306.151	251.187	0.708988	114.025
	11	293.303	280.945	0.68928	56.3448	305.3	251.441	0.694435	113.976
	11	293.079	280.884	0.691911	55.0308	305.251	251.26	0.707386	113.946
	11	293.045	280.814	0.688445	57.3493	305.466	251.218	0.711895	116.301
	11	293.026	280.634	0.703095	56.8994	305.252	251.183	0.700679	113.492
	11	292.804	280.797	0.700076	58.2525	305.264	251.213	0.714539	114.21
	11	292.598	280.808	0.695756	58.9784	305.214	251.15	0.701974	113.862
	11	292.583	280.863	0.692591	59.25	305.149	251.207	0.707634	112.87
	11	292.577	280.759	0.700742	57.7908	305.542	251.104	0.712788	115.029
	11	292.659	280.599	0.692057	58.6402	305.487	251.057	0.710929	115.268
	11	292.469	280.541	0.679279	58.8479	305.328	250.973	0.701481	115.315
	11	292.489	280.627	0.684735	58.881	305.535	251.099	0.712518	115.875
	11	292.421	280.749	0.682024	58.5853	305.506	251.004	0.708015	115.803
	11	292.461	280.63	0.689406	60.0027	305.58	251.008	0.698345	116.224
	11	292.629	280.621	0.686608	60.1655	305.627	250.96	0.697359	115.474
	11	292.545	280.587	0.679383	59.9066	305.543	250.857	0.6906	115.198
	11	292.637	280.6	0.684958	59.0184	305.489	250.677	0.695906	113.422
	11	292.559	280.597	0.678682	59.3905	305.477	250.697	0.704407	113.082
	11	292.6	280.467	0.679296	58.9361	305.306	250.656	0.706687	114.869
	11	292.49	280.471	0.698791	57.5803	305.461	250.596	0.69521	113.106
	11	292.323	280.588	0.700698	58.9153	305.474	250.523	0.701219	114.909
	11	292.29	280.482	0.696228	59.0194	305.461	250.503	0.698817	113.298
	11	292.301	280.452	0.679129	58.5719	305.573	250.494	0.708161	115.576
	11	292.157	280.346	0.709082	57.2846	305.434	250.508	0.704505	114.967
	11	292.245	280.377	0.700524	58.1869	305.571	250.48	0.698862	114.624
	11	292.209	280.412	0.701253	58.5986	305.589	250.504	0.70154	114.941
	11	292.282	280.349	0.697368	57.6021	305.583	250.473	0.699169	113.836
	11	292.237	280.321	0.681877	57.9612	305.443	250.595	0.694336	112.847
	11	292.289	280.319	0.694333	57.5671	305.366	250.566	0.687444	113.949
	11	292.204	280.389	0.68608	57.6669	305.628	250.612	0.693236	113.844
	11	292.222	280.307	0.692759	57.3699	305.642	250.562	0.699533	114.071
	11	292.106	280.328	0.687413	60.0417	305.579	250.553	0.708302	114.762
	11	291.993	280.265	0.690955	58.9304	305.536	250.686	0.703804	115.662
	11	291.906	280.267	0.68822	60.323	305.621	250.755	0.703544	116.402
	11	291.95	280.242	0.696042	59.7998	305.599	250.815	0.70137	116.606
	11	292.02	280.202	0.690575	60.2589	305.653	250.747	0.695782	116.174
	11	292.107	280.273	0.676792	60.9893	305.495	250.782	0.704379	115.565
	12	291.993	280.159	0.707638	59.0578	305.025	250.292	0.69314	112.926
	12	291.761	280.117	0.715762	57.4994	304.942	250.295	0.698317	112.9
	12	291.808	280.137	0.70606	58.4367	305.02	250.38	0.707945	114.763
	12	291.686	280.2	0.697631	58.5743	304.997	250.27	0.685864	111.847
	12	300.908	301.865	0.46396	45.5071	316.021	270.805	0.589055	136.775
	12	302.343	309.194	0.403904	42.5306	319.364	277.205	0.583829	149.189
	12	301.628	309.246	0.407125	43.756	320.53	277.44	0.574647	145.982
	12	307.069	310.542	0.288145	42.0593	325.553	278.515	0.580603	144.683
	12	306.663	310.6	0.286003	49.9468	326.329	278.35	0.618529	148.283
	12	306.237	310.517	0.272036	47.6632	327.231	278.445	0.595642	145.355
	12	306.579	312.669	0.322922	33.4695	328.134	280.217	0.626394	151.953
	12	306.221	312.463	0.27514	38.6303	328.672	280.218	0.627992	149.846
	12	305.799	312.497	0.350458	43.2697	328.973	280.294	0.62643	150.817
	12	305.773	312.13	0.331154	45.2824	328.582	280.04	0.608274	148.853
	12	305.477	312.148	0.214827	46.8075	328.993	280.03	0.588194	150.179
	12	305.159	312.089	0.322788	42.9809	329.327	280.041	0.606205	150.214
	12	305.083	311.992	0.288862	54.5516	329.304	279.998	0.591984	151.284
	12	304.767	311.953	0.323495	42.4569	329.292	279.952	0.577138	150.807
	12	304.572	312.076	0.327772	39.093	329.391	280.055	0.602475	149.017
	12	304.554	311.968	0.314802	36.8514	329.342	279.917	0.59495	151.122
	12	304.495	311.954	0.281873	36.8216	329.441	279.906	0.600379	149.746
	12	304.438	311.952	0.319919	37.7241	329.348	279.938	0.624502	149.801
	12	304.422	311.965	0.32042	39.4997	329.376	279.845	0.626856	149.916
	12	304.334	312.059	0.334439	47.4857	329.351	279.954	0.632143	150.093
	12	304.325	312.037	0.305252	39.0512	329.523	279.848	0.634484	150.291
	12	304.319	312	0.323037	41.5892	329.674	279.815	0.602699	148.152
	12	304.236	311.942	0.330325	38.8369	329.602	279.794	0.638314	149.728
	12	304.311	311.876	0.328069	38.1089	329.524	279.86	0.63096	149.648
	12	304.314	311.844	0.357247	43.2265	329.67	279.883	0.61163	149.871
	12	304.36	311.802	0.275629	44.7385	329.55	279.888	0.626242	149.828
	12	304.358	311.741	0.299318	39.9677	329.553	279.84	0.611324	150.378
	12	304.226	311.583	0.26816	52.41	329.553	279.813	0.620852	148.66
	12	304.174	311.467	0.306995	43.1964	329.572	279.82	0.623361	148.159
	12	304.226	311.433	0.287789	43.6257	329.422	279.864	0.62809	149.12
	12	304.128	311.437	0.352595	46.4602	329.576	279.824	0.630817	149.225
	12	304.256	311.397	0.281244	46.1863	329.507	279.748	0.637549	149.207
	12	304.365	311.346	0.283029	36.4717	329.569	279.721	0.597796	147.305
	12	304.251	311.314	0.280921	41.1	329.567	279.756	0.601251	147.961
	12	304.272	311.307	0.27328	44.6142	329.617	279.72	0.594485	148.47
	12	304.209	311.258	0.272134	49.2216	329.711	279.76	0.628074	148.915
	12	304.113	311.192	0.320986	40.7521	329.727	279.765	0.622827	149.631
	12	304.059	311.172	0.307916	39.7095	329.773	279.549	0.607781	148.751
	12	304.062	311.201	0.298293	42.904	329.739	279.583	0.612871	150.321
	12	303.891	311.167	0.305526	44.7624	329.773	279.559	0.605938	149.187
	12	303.977	311.275	0.295313	46.0519	329.742	279.562	0.605339	148.867
	12	303.936	311.075	0.319415	40.8203	329.625	279.659	0.593106	147.469
	12	304.014	311.079	0.320039	34.6628	329.649	279.62	0.594511	147.17
	12	303.886	311.05	0.258263	37.0229	329.492	279.518	0.58757	147.747
	12	304.016	311.038	0.287594	39.4764	329.648	279.526	0.619343	148.763
	12	304.04	310.928	0.287682	33.8054	329.484	279.536	0.606349	146.153
	12	304.177	310.93	0.297088	37.2216	329.582	279.443	0.609648	144.668
	13	303.632	310.937	0.258687	42.1294	329.218	278.762	0.618791	148.922
	13	303.556	311.004	0.294954	49.2573	329.284	278.901	0.621901	145.323
	13	303.502	310.983	0.317884	42.4192	329.173	278.886	0.626995	148.172
	13	303.548	310.984	0.291244	40.7161	329.064	278.742	0.62187	149.272
	13	303.648	310.959	0.305953	46.3458	329.148	278.793	0.586229	148.616
	13	286.621	303.963	0.593305	33.9784	303.808	273.613	0.439563	125.419
	13	276.585	300.001	0.661704	34.4447	292.491	269.476	0.437255	106.785
	13	274.889	295.745	0.722301	36.9753	287.424	266.542	0.479643	97.1232
	13	272.652	295.28	0.709749	38.1953	287.752	266.329	0.501826	100.205
	13	270.266	294.832	0.731095	40.7401	283.841	265.361	0.503922	91.8391
	13	269.487	294.538	0.726087	44.9238	284.32	265.339	0.499338	95.5389
	13	269.077	294.484	0.743349	38.9828	284.581	265.339	0.476655	91.9402
	13	270.021	294.355	0.725409	34.6057	285.701	265.486	0.498285	97.2205
	13	269.797	294.212	0.729992	42.912	285.541	265.326	0.518199	99.9351
	13	269.884	294.149	0.725303	38.3278	285.918	265.316	0.559356	104.27
	13	269.95	294.127	0.737254	40.5082	285.571	265.04	0.53759	96.3328
	13	269.912	294.105	0.745355	39.2658	285.663	265.009	0.495319	96.3155
	13	269.927	294.078	0.732859	38.8608	285.68	264.992	0.506986	97.9091
	13	269.902	293.922	0.740907	38.5227	285.751	265.004	0.500142	102.065
	13	269.609	294.045	0.736406	38.6695	286.073	265.25	0.511685	99.8965
	13	269.642	293.876	0.731633	37.7657	285.636	264.874	0.527323	100.524
	13	269.449	293.839	0.740664	41.55	285.659	264.851	0.542841	94.8627
	13	269.365	293.831	0.749554	38.5155	285.493	264.737	0.526833	96.8521
	13	269.374	293.817	0.748607	39.6006	285.615	264.824	0.546441	96.4511
	13	269.325	293.607	0.745136	44.2426	285.553	264.708	0.528944	96.9612
	13	269.329	293.519	0.739584	40.4769	285.455	264.682	0.51606	96.1791
	13	269.238	293.436	0.729282	40.5436	285.414	264.581	0.534305	101.188
	13	269.346	293.388	0.733868	40.8748	285.35	264.611	0.52043	98.5225
	13	269.337	293.165	0.725048	40.8022	285.386	264.661	0.512748	93.7166
	13	269.329	293.697	0.739236	40.1201	285.937	265.016	0.518135	95.4724
	13	269.394	293.327	0.731177	39.1454	285.624	264.7	0.538289	95.966
	13	269.384	293.389	0.740176	38.4208	286.142	264.957	0.519896	91.2779
	13	269.342	293.431	0.733628	40.4635	286.055	265.162	0.494498	100.837
	13	269.197	293.62	0.737647	41.2485	285.982	265.07	0.501425	104.934
	13	269.305	293.412	0.729327	41.5946	285.944	265.026	0.519676	106.365
	13	269.036	293.663	0.74522	43.4723	285.582	264.84	0.517718	102.172
	13	269.047	293.609	0.730384	42.9755	285.525	264.543	0.511878	96.716
	13	271.16	293.224	0.719372	34.3321	281.555	265.075	0.459571	104.552
	13	271.738	292.571	0.736219	70.3403	283.206	267.816	0.895265	82.8457
	13	270.525	292.766	0.709349	41.9625	285.097	265.036	0.517004	106.359
	13	269.676	293.005	0.709411	38.6454	285.914	264.856	0.526443	107.261
	13	269.503	293.05	0.68734	45.8968	285.909	264.403	0.531848	95.8862
	13	269.328	293.366	0.726827	42.2137	285.941	264.379	0.546657	96.5526
	13	268.778	293.479	0.730184	45.1976	285.581	264.812	0.519868	101.412
	13	268.786	293.488	0.739644	40.8094	285.673	264.755	0.508975	101.984
	13	268.883	293.535	0.742127	41.1474	285.714	264.693	0.547335	103.444
	13	268.935	293.423	0.725564	39.4581	285.758	264.724	0.525658	104.062
	13	268.85	293.5	0.727347	39.1038	285.73	264.753	0.532125	103.721
	13	268.859	293.388	0.72465	40.2132	285.732	264.872	0.572003	103.483
	13	268.7	293.407	0.735153	45.3652	285.57	264.748	0.533746	97.9555
	13	268.474	293.638	0.731419	45.0176	285.54	264.674	0.49594	96.2977
	14	268.566	293.387	0.756072	41.077	285.674	264.393	0.51	96.5445
	14	268.413	293.157	0.750425	39.5511	285.733	264.44	0.52716	100.454
	14	268.395	292.775	0.752407	38.0062	285.629	264.383	0.523835	99.1741
	14	268.063	293.32	0.76364	38.5594	285.591	264.559	0.52299	98.9171
	14	268.12	293.161	0.745405	40.2585	285.408	264.495	0.513024	96.8816
	14	296.047	308.759	0.46572	34.2302	313.555	277.665	0.533349	143.18
	14	305.968	317.458	0.310405	24.9856	325.163	284.633	0.584471	151.729
	14	312.92	320.706	0.185503	16.8111	331.34	286.802	0.64082	159.282
	14	312.619	320.881	0.239578	18.7091	332.743	286.921	0.643612	159.467
	14	319.903	326.718	0.338577	166.395	338.58	292.269	0.658741	165.608
	14	319.44	326.649	0.303055	171.546	339.833	292.395	0.688889	166.675
	14	322.447	327.487	0.349208	168.581	341.941	292.983	0.701538	170.031
	14	322.339	327.487	0.354817	172.745	342.292	293.052	0.683619	169.049
	14	322.228	327.427	0.417551	168.228	342.672	292.844	0.688573	169.711
	14	322.035	327.375	0.40389	170.879	342.92	292.892	0.682998	170.696
	14	321.796	327.294	0.403131	173.693	343.234	293.002	0.679943	172.774
	14	321.764	327.245	0.394845	167.37	343.185	293.028	0.676276	171.885
	14	321.714	327.261	0.376532	168.72	343.098	292.962	0.66804	172.531
	14	321.037	326.952	0.321602	169.735	342.788	292.827	0.662109	173.516
	14	321.039	326.939	0.37587	175.301	342.925	292.721	0.657309	174.643
	14	321.07	326.833	0.384576	171.05	342.964	292.902	0.643836	175.503
	14	321.04	326.808	0.348357	175.064	342.925	292.63	0.663001	173.779
	14	321.258	326.582	0.355967	164.256	342.915	292.489	0.673909	171.515
	14	321.179	326.507	0.347501	162.685	343.126	292.444	0.636131	173.698
	14	321.059	326.612	0.301815	168.488	343.102	292.494	0.660768	173.744
	14	320.898	326.613	0.307603	176.014	343.266	292.402	0.668974	169.873
	14	320.851	326.59	0.356206	162.18	343.298	292.327	0.663872	171.507
	14	320.907	326.52	0.353346	167.239	343.296	292.278	0.666108	172.691
	14	320.919	326.47	0.337887	168.112	343.469	292.22	0.672352	170.643
	14	321.009	326.537	0.344654	170.236	343.552	292.25	0.668497	173.241
	14	321.112	326.56	0.341147	169.286	343.484	292.299	0.678918	171.236
	14	321.104	326.565	0.335662	166.247	343.475	292.07	0.691067	171.446
	14	321.12	326.477	0.369658	168.827	343.643	292.166	0.678479	170.511
	14	321.122	326.53	0.331349	170.587	343.5	292.068	0.684698	170.549
	14	321.21	326.485	0.29154	165.924	343.732	292.15	0.668685	172.846
	14	321.155	326.508	0.326955	164.614	343.544	292.11	0.678848	170.451
	14	320.975	326.52	0.321261	162.107	343.655	292.147	0.674894	172.791
	14	320.861	326.568	0.330807	171.338	343.784	292.248	0.650391	173.508
	14	321.08	326.593	0.324032	156.864	343.793	292.196	0.660305	171.31
	14	321.05	326.538	0.330716	161.019	343.927	292.042	0.663503	172.515
	14	321.025	326.482	0.318887	169.061	343.966	292.104	0.663157	170.551
	14	320.951	326.393	0.345424	167.863	343.894	292.094	0.676196	170.361
	14	320.904	326.447	0.343749	169.888	343.941	292.139	0.670739	171.083
	14	320.899	326.315	0.33524	173.613	343.709	292.149	0.65886	172.044
	14	320.795	326.418	0.358894	172.133	343.815	292.193	0.656074	173.507
	14	320.798	326.197	0.346663	177.094	343.899	292.216	0.669551	171.468
	14	320.791	326.234	0.326142	168.318	343.929	292.074	0.667716	172.005
	14	320.956	326.124	0.334403	170.659	343.848	292.187	0.653899	172.156
	14	320.986	326.044	0.273276	166.317	343.842	292.209	0.673095	171.243
	14	321.061	325.977	0.285006	169.308	343.978	292.241	0.664189	171.175
	14	320.875	325.962	0.358369	168.729	344.011	292.279	0.66082	172.189
	15	320.161	325.793	0.313206	170.373	344.008	291.739	0.658038	170.848
	15	320.153	325.726	0.292028	173.014	343.969	291.446	0.666168	169.129
	15	320.375	325.664	0.35261	157.052	343.936	291.777	0.682484	170.325
	15	320.301	325.568	0.359854	163.021	343.925	291.707	0.657033	171.581
	15	320.429	325.534	0.345557	163.677	343.87	291.744	0.666847	171.152
	15	314.885	320.097	0.320521	136.68	337.213	286.2	0.681737	159.922
	15	297.743	291.743	0.548051	45.3645	301.883	263.068	0.572275	128.041
	15	285.38	281.529	0.696571	49.9214	285.079	252.831	0.637469	106.392
	15	280.805	281.254	0.739383	51.1814	287.743	252.261	0.64222	102.785
	15	275.658	280.638	0.784112	51.5166	281.309	251.155	0.625147	94.7716
	15	274.614	280.291	0.784853	50.0446	281.843	250.853	0.642992	94.3986
	15	273.476	280.152	0.808909	50.2709	280.285	250.52	0.647806	96.3816
	15	273.288	279.888	0.789562	50.4857	280.563	250.53	0.647356	95.2943
	15	273.183	279.793	0.798521	51.0798	280.552	250.287	0.654614	94.2791
	15	272.956	279.804	0.80334	50.1447	280.752	250.449	0.654083	95.8352
	15	274.149	279.636	0.795152	50.274	282.172	250.449	0.649422	96.1087
	15	274.043	279.707	0.789237	50.8888	282.325	250.45	0.660617	95.3778
	15	273.921	279.797	0.795658	50.3753	282.524	250.402	0.623769	96.4737
	15	273.753	279.745	0.795504	49.4007	282.453	250.142	0.648855	94.5019
	15	273.653	279.723	0.809208	50.2771	282.418	250.019	0.656527	93.7413
	15	273.485	279.642	0.786858	51.8677	282.455	250.121	0.658005	95.7571
	15	273.55	279.721	0.801848	52.452	282.453	249.922	0.653048	95.1751
	15	273.512	279.619	0.792691	51.3837	282.518	249.89	0.654682	95.0752
	15	273.53	279.652	0.797467	50.675	281.956	250.073	0.636182	94.0685
	15	273.313	279.533	0.787217	50.1294	281.964	250.05	0.645397	95.1632
	15	273.31	279.52	0.801942	50.2786	282.07	250.12	0.639377	96.9729
	15	273.243	279.484	0.796822	49.2714	282.031	249.915	0.674139	96.7771
	15	273.207	279.302	0.794859	50.7175	282.227	249.901	0.667103	99.0528
	15	273.17	279.34	0.790399	52.0743	282.222	249.841	0.66027	97.0727
	15	272.943	279.401	0.804371	50.3705	282.108	249.721	0.687002	95.5688
	15	273.212	279.174	0.788988	51.4773	282.066	249.805	0.658275	96.7964
	15	273.033	279.222	0.804397	51.2038	282.048	249.855	0.661093	95.5613
	15	273.099	279.113	0.802734	49.576	282.005	249.69	0.675388	94.928
	15	273.199	279.073	0.792562	51.7738	281.998	249.602	0.693423	95.546
	15	272.959	279.11	0.792856	49.5048	282.033	249.238	0.685232	94.7927
	15	272.917	279.128	0.789256	50.9658	282.06	249.33	0.697244	95.9332
	15	272.975	279.04	0.791669	49.3927	282.037	249.396	0.709109	95.7135
	15	272.929	279.025	0.804694	50.296	282.082	249.688	0.678253	97.0419
	15	272.864	278.935	0.80475	50.2321	282.227	249.656	0.668445	97.5092
	15	272.893	278.833	0.792928	49.6973	281.918	249.616	0.6545	94.2788
	15	272.901	278.59	0.798673	50.8549	281.899	249.781	0.673771	94.1039
	15	272.727	278.656	0.792078	49.8196	282.002	249.849	0.674816	96.261
	15	272.613	278.838	0.809531	49.3341	281.997	249.754	0.673257	95.8145
	15	273.4	279.057	0.79416	51.4993	283.109	250.172	0.649332	96.3924
	15	273.289	278.989	0.7943	51.4926	283.047	250.007	0.665248	96.6171
	15	273.335	279.019	0.792754	52.047	283.077	249.971	0.65749	96.1041
	15	272.988	279.232	0.781678	53.2848	282.502	250.058	0.666947	96.6313
	15	272.743	279.168	0.785917	52.5345	282.238	249.901	0.673932	96.2632
	15	272.638	279.246	0.794484	51.771	282.3	250.005	0.668893	98.8416
	15	272.738	279.21	0.802779	51.7339	282.242	249.951	0.643499	95.6022
	15	272.559	279.207	0.785825	51.1799	282.203	250.011	0.633917	94.1903
	16	272.305	279.213	0.794	51.9202	282.126	249.757	0.662629	95.4667
	16	272.331	279.159	0.780676	51.0567	282.001	249.776	0.658673	96.4675
	16	272.368	279.134	0.794372	51.7215	282.048	249.859	0.670378	96.6123
	16	272.422	279.424	0.790523	51.4171	282.089	249.806	0.654917	96.306
	16	261.303	297.559	0.80051	32.2332	269.772	269.471	0.492022	89.0217
	16	256.627	308.938	0.820815	16.7804	266.175	281.585	0.440759	87.856
	16	255.317	309.023	0.831053	17.49	267.254	281.428	0.443918	90.0737
	16	253.603	309.283	0.837244	19.2334	264.73	281.798	0.42934	74.4118
	16	252.783	309.707	0.83529	18.7503	265.291	281.8	0.437774	80.9646
	16	252.464	309.689	0.838203	19.7622	265.327	281.848	0.455844	82.7263
	16	252.219	309.816	0.83548	18.6757	265.378	281.887	0.43133	83.4016
	16	252.279	309.445	0.832964	17.8594	265.414	282.017	0.450038	82.2331
	16	251.954	309.632	0.835886	16.6964	265.485	281.994	0.43592	77.0197
	16	251.872	309.564	0.837381	17.4271	265.419	282.035	0.442368	80.5175
	16	252.031	309.116	0.844971	19.2544	265.65	281.685	0.443825	82.2583
	16	251.683	309.3	0.846265	18.3445	265.443	281.855	0.440255	81.6685
	16	251.623	309.061	0.844677	18.4112	265.783	281.618	0.414987	80.423
	16	251.604	308.668	0.844089	19.3967	265.667	281.405	0.452265	84.822
	16	251.424	308.78	0.839891	19.364	265.73	281.45	0.438504	83.8514
	16	251.412	308.779	0.841386	19.504	265.797	281.388	0.441963	82.633
	16	251.317	308.874	0.835509	19.0916	265.883	281.443	0.461087	83.1981
	16	251.34	308.597	0.841866	18.6266	265.864	281.363	0.454204	83.0274
	16	251.38	308.53	0.843011	19.8934	265.808	281.255	0.464152	84.4167
	16	251.181	308.525	0.830976	19.474	265.778	281.356	0.452765	85.4216
	16	251.37	308.665	0.841992	20.3539	265.688	281.265	0.44081	85.5428
	16	251.134	308.677	0.83978	19.6768	265.747	281.281	0.46838	82.8461
	16	251.005	308.714	0.833686	20.3402	265.794	281.325	0.458762	85.331
	16	251.001	308.669	0.83442	20.7018	265.692	281.222	0.433963	86.7308
	16	250.987	308.663	0.839634	19.6424	265.67	281.177	0.408915	87.8819
	16	250.87	308.734	0.838691	20.6241	265.579	281.22	0.410261	86.0301
	16	250.875	308.727	0.836295	21.0597	265.698	281.175	0.422256	83.5024
	16	250.85	308.758	0.83417	20.8414	265.717	281.092	0.42355	87.5114
	16	250.803	308.86	0.84306	21.2494	265.77	281.092	0.436198	85.5817
	16	250.762	308.755	0.847122	19.6882	265.74	281.042	0.448197	80.7687
	16	250.369	309.249	0.844591	19.942	264.828	281.446	0.42896	82.5751
	16	250.362	309.067	0.844417	19.9398	265.287	281.325	0.410472	86.0889
	16	250.327	309.007	0.843159	19.7488	265.413	281.172	0.428026	80.8901
	16	250.365	309.079	0.842107	19.7392	265.481	281.202	0.41452	82.4918
	16	250.351	309.047	0.842328	19.5929	265.669	281.107	0.437274	83.3467
	16	250.366	308.961	0.840586	20.4497	265.748	281.082	0.438627	80.6569
	16	250.399	308.983	0.840869	20.0527	265.715	281.013	0.430812	81.5712
	16	250.259	308.93	0.839365	20.265	265.728	280.917	0.459688	85.3419
	16	250.241	309.04	0.835841	20.6547	265.607	281.067	0.470745	83.2982
	16	250.307	309.002	0.841581	20.5336	265.55	281.057	0.454956	83.3787
	16	250.265	309.02	0.832299	19.9397	265.453	281.003	0.455589	84.4612
	16	250.159	308.869	0.836095	21.0663	265.78	280.866	0.469733	85.9962
	16	250.113	309.001	0.838014	21.5046	265.897	280.76	0.431372	84.9143
	16	250.137	308.961	0.850114	20.3268	265.883	280.723	0.46492	84.6511
	16	250.17	308.928	0.830469	21.285	265.768	280.624	0.44262	85.2672
	16	250.179	308.868	0.833279	21.3955	265.714	280.62	0.441916	79.0837
	16	250.242	308.887	0.831181	22.3439	265.742	280.542	0.458721	77.5624
	17	250.098	308.65	0.832412	21.0525	265.689	280.594	0.46601	81.1685
	17	250.066	308.458	0.835662	19.3025	265.61	280.62	0.441481	81.0918
	17	249.948	308.377	0.840056	19.3929	265.512	280.597	0.442162	81.8471
	17	249.989	308.436	0.837332	20.2455	265.468	280.633	0.450999	85.9848
	17	249.813	308.201	0.838464	19.7778	265.641	280.671	0.440969	84.6836
	17	252.018	303.361	0.841377	23.5955	263.649	275.942	0.486158	92.9952
	17	256.763	281.729	0.885431	40.4934	259.858	252.384	0.650168	75.9997
	17	257.308	281.249	0.897093	40.3332	260.032	252.542	0.617611	73.8285
	17	256.608	281.423	0.893139	39.7816	259.528	252.46	0.631124	72.9494
	17	256.598	281.244	0.888645	40.3657	259.478	252.405	0.628407	72.639
	17	255.919	281.724	0.897382	39.4502	258.409	252.617	0.638125	73.5369
	17	255.682	281.784	0.896961	40.377	258.55	252.542	0.644418	74.3825
	17	256.253	281.664	0.889797	39.4152	259.7	252.428	0.632662	74.4507
	17	259.9	280.493	0.868825	38.7771	255.852	252.375	0.471512	80.1878
	17	260.112	278.841	0.867738	41.028	255.192	251.952	0.77506	70.0724
	17	258.079	281.171	0.886357	39.7425	257.011	253.173	0.606059	71.9148
	17	257.024	281.541	0.899957	39.5279	257.787	253.135	0.618891	73.1351
	17	256.493	281.436	0.89041	39.9172	258.187	252.83	0.615973	73.135
	17	256.192	281.596	0.896923	41.1731	258.715	252.518	0.650135	72.4852
	17	256.1	281.543	0.897185	39.7382	258.628	252.437	0.616897	71.8025
	17	256.099	281.541	0.898791	39.5817	259.029	252.418	0.628991	73.4833
	17	256.095	281.593	0.897706	39.912	258.804	252.447	0.61014	70.8363
	17	256.088	281.44	0.901735	40.1724	258.935	252.477	0.61837	72.4296
	17	255.619	281.241	0.903627	38.7714	258.964	252.253	0.627949	74.052
	17	255.604	281.174	0.907443	39.8664	258.948	252.352	0.635902	75.0704
	17	255.517	281.316	0.898216	40.3717	258.684	252.372	0.634586	73.1007
	17	255.629	281.328	0.896053	40.3608	258.631	252.476	0.635251	74.3904
	17	255.593	281.475	0.901444	39.6765	258.56	252.455	0.636	72.5569
	17	255.669	281.345	0.900037	39.3454	258.312	252.515	0.616422	72.2353
	17	255.619	281.493	0.901181	39.3595	258.173	252.621	0.616993	71.1816
	17	255.629	281.397	0.901709	38.5	258.249	252.743	0.626211	71.8011
	17	255.594	281.477	0.898721	38.5819	258.426	252.883	0.62201	74.715
	17	255.548	281.503	0.899786	38.896	258.481	252.915	0.619427	75.398
	17	255.56	281.698	0.898739	39.2928	258.326	252.798	0.625217	73.4488
	17	255.483	281.575	0.889761	39.5624	258.304	252.803	0.625058	72.6976
	17	255.636	281.591	0.896729	38.4705	258.368	252.87	0.62096	73.9331
	17	255.838	281.664	0.904226	38.5271	258.262	252.76	0.617034	71.6681
	17	255.751	281.726	0.896675	39.1292	258.321	252.685	0.617933	72.8283
	17	256.81	281.739	0.892762	39.8557	260.295	252.721	0.6088	78.3328
	17	256.929	281.508	0.900593	39.7626	260.151	252.607	0.59537	75.0403
	17	256.411	281.73	0.900744	39.7194	258.901	252.603	0.632596	76.9171
	17	256.038	281.822	0.902303	40.1498	258.996	252.642	0.600459	76.0306
	17	255.886	281.785	0.893174	39.6314	259.245	252.674	0.618114	77.6038
	17	255.73	281.82	0.889626	38.9078	259.026	252.73	0.600235	75.4925
	17	257.901	282.476	0.77712	51.6637	255.375	254.475	0.713566	65.2333
	17	259.572	280.449	0.871525	38.7281	256.972	252.729	0.612373	75.3027
	17	257.614	281.959	0.887676	38.9068	258.369	253.225	0.608562	73.5027
	17	256.834	281.898	0.889547	38.7833	259.139	253.012	0.628519	79.4655
	17	256.293	282.011	0.897397	39.167	257.983	253.119	0.628247	75.8474
	17	255.924	281.952	0.893514	38.9501	258.334	252.953	0.631259	74.3688
	17	255.956	281.826	0.894584	38.5462	258.022	252.818	0.631701	74.0904
	18	255.047	281.831	0.889853	38.7841	258.143	252.572	0.613873	72.665
	18	255.024	281.792	0.89432	39.0832	258.234	252.579	0.621015	73.1058
	18	255.058	281.604	0.902861	39.4784	258.166	252.549	0.603247	71.5976
	18	255.021	281.804	0.891829	38.8428	258.19	252.54	0.609583	73.0045
	18	254.958	281.676	0.895056	39.2852	258.054	252.669	0.625813	73.4067
	18	254.919	282.919	0.893331	38.7454	258.7	254.07	0.589533	72.5029
	18	260.754	315.496	0.730964	9.37202	274.127	288.065	0.324741	75.109
	18	259.118	316.062	0.737608	13.0819	275.775	288.257	0.302114	73.6647
	18	266.208	322.021	0.646769	9.23392	283.535	293.716	0.154416	25.699
	18	264.805	321.991	0.67499	7.96173	284.779	293.521	0.103456	68.4952
	18	264.062	321.703	0.681929	8.05783	285.674	293.168	0.158709	26.974
	18	264.357	320.765	0.672629	12.3045	286.376	292.084	0.136622	22.153
	18	263.888	320.84	0.677166	10.6685	286.738	292.145	0.0993874	42.2277
	18	263.485	320.566	0.667379	11.0688	286.794	292.1	0.192917	47.0427
	18	263.262	320.616	0.661187	12.6964	286.935	292.139	0.168883	58.0723
	18	263.021	320.54	0.682733	15.0545	286.983	292.068	0.170252	53.1269
	18	262.76	320.408	0.6935	11.2181	286.878	291.975	0.202096	52.9088
	18	262.463	320.331	0.686715	11.2605	286.961	291.985	0.168194	45.9062
	18	262.405	320.508	0.674322	13.7718	287.082	291.923	0.136359	164.595
	18	262.356	320.637	0.672608	14.398	286.898	291.909	0.181872	54.7846
	18	262.105	320.79	0.692861	14.4135	287.132	291.927	0.162636	6.89774
	18	262.061	320.779	0.680797	13.7604	287.264	291.956	0.13869	40.3267
	18	262.041	320.677	0.680834	12.9363	287.336	291.793	0.152534	36.0667
	18	262.108	320.705	0.66164	12.7759	287.464	291.64	0.180843	58.6061
	18	262.137	320.856	0.660989	12.2045	287.444	291.629	0.187357	55.0003
	18	262.336	320.648	0.691983	13.3906	287.45	291.565	0.190617	65.5341
	18	262.337	320.583	0.678021	13.6862	287.322	291.498	0.235386	70.4392
	18	262.535	320.55	0.68083	13.4555	287.513	291.517	0.177569	76.1913
	18	262.425	320.545	0.669839	13.0553	287.595	291.484	0.231307	73.7434
	18	262.387	320.558	0.691359	13.0712	287.532	291.479	0.23514	70.2064
	18	262.461	320.689	0.674761	13.2038	287.453	291.374	0.231135	70.1784
	18	262.324	320.634	0.670957	12.3389	287.556	291.377	0.227821	79.5294
	18	262.4	320.579	0.679752	13.6671	287.582	291.405	0.186807	116.41
	18	262.329	320.725	0.668479	12.5298	287.622	291.383	0.205054	65.5782
	18	262.362	320.674	0.679315	14.0584	287.618	291.34	0.223127	65.1969
	18	262.378	320.644	0.677934	13.3948	287.762	291.389	0.174516	104.549
	18	262.363	320.703	0.665617	13.3185	287.696	291.34	0.218549	66.5253
	18	262.385	320.815	0.671654	12.0167	287.769	291.162	0.241006	71.4374
	18	261.933	321.073	0.661806	10.8738	287.027	291.664	0.218022	47.9095
	18	262.116	321.051	0.676978	12.2395	287.252	291.665	0.218215	53.4317
	18	262.038	321.094	0.674347	12.8849	287.176	291.474	0.184644	31.9396
	18	262.109	320.996	0.682731	13.6117	287.326	291.495	0.197226	46.2843
	18	262.009	321.015	0.668733	12.7363	287.436	291.364	0.186573	67.1672
	18	262.069	320.987	0.667832	15.2735	287.387	291.4	0.197576	67.759
	18	261.979	320.837	0.685002	13.456	287.531	291.333	0.180404	125.254
	18	262.014	320.794	0.669521	12.2825	287.557	291.251	0.126543	92.7007
	18	261.943	320.762	0.653187	12.838	287.632	291.211	0.187123	77.0038
	18	262.041	320.738	0.666202	10.5251	287.555	291.118	0.233417	79.6204
	18	261.923	320.709	0.682328	12.4963	287.696	291.099	0.226185	78.3188
	18	261.703	320.828	0.665555	10.8045	287.592	291.065	0.222847	60.4832
	18	261.7	320.689	0.656427	10.7808	287.586	291.005	0.182408	54.3949
	19	261.649	320.324	0.677605	10.5574	287.518	291.192	0.188378	79.9474
	19	261.491	320.428	0.684545	11.7589	287.524	291.193	0.242135	81.2751
	19	261.454	320.441	0.68486	10.5633	287.57	291.137	0.187572	73.1317
	19	261.538	320.273	0.698081	12.7735	287.509	291.056	0.178613	84.3453
	19	261.525	320.076	0.66969	11.3388	287.518	291.034	0.247297	76.7606
	19	258.73	302.369	0.804145	24.2571	263.315	275.101	0.402787	93.5969
	19	256.933	294.837	0.862718	28.0894	257.064	267.679	0.492163	83.3483
	19	254.426	295.033	0.864873	28.543	258.255	267.407	0.500034	79.5365
	19	254.022	293.804	0.88353	30.8765	257.835	266.35	0.501437	77.4169
	19	253.542	293.611	0.876001	29.0521	258.22	266.124	0.518947	79.5314
	19	253.123	293.78	0.865665	29.5959	258.634	266.085	0.477656	76.8165
	19	252.985	293.855	0.874654	29.7434	258.843	266.074	0.494733	77.5196
	19	252.818	293.991	0.858743	28.6051	258.902	266.056	0.499412	78.4337
	19	252.777	293.826	0.859494	28.6525	259.078	266.047	0.506934	76.7329
	19	252.834	293.824	0.859078	28.3473	259.132	265.973	0.489146	77.0039
	19	252.746	293.812	0.862083	28.2277	259.052	265.864	0.461047	78.9736
	19	252.678	294.142	0.872464	29.0201	258.771	265.854	0.521786	77.866
	19	252.503	294.112	0.872421	30.8308	258.568	265.893	0.510719	77.4881
	19	252.449	293.992	0.859106	30.8267	258.783	265.873	0.504034	80.4129
	19	252.393	293.964	0.862358	30.3366	258.822	265.641	0.487617	79.7626
	19	252.363	294.031	0.861492	30.1505	258.826	265.739	0.464759	82.4664
	19	252.32	294.054	0.863932	29.5188	258.946	265.616	0.462642	81.0306
	19	252.046	294.191	0.859608	28.6735	259.11	265.653	0.500498	79.4596
	19	252.135	294.122	0.857881	29.2327	259.263	265.617	0.489326	84.2988
	19	252.123	294.102	0.853166	28.7812	259.265	265.685	0.485462	82.5092
	19	252.084	294.097	0.855265	28.881	259.324	265.68	0.479987	82.5265
	19	252.292	293.864	0.865856	29.8935	259.443	265.618	0.475206	82.82
	19	252.362	293.794	0.863137	30.5918	259.478	265.548	0.48402	83.478
	19	252.457	293.68	0.867212	30.0218	259.368	265.415	0.488506	79.8857
	19	252.418	293.695	0.8643	30.0335	259.354	265.463	0.487595	83.6675
	19	252.437	293.446	0.869854	29.9045	259.405	265.378	0.477888	81.059
	19	252.328	293.401	0.867148	29.3189	259.408	265.319	0.503217	80.6348
	19	252.335	293.447	0.86178	28.9267	259.393	265.306	0.509488	81.0989
	19	252.198	293.561	0.870101	29.6432	259.339	265.364	0.517886	81.2206
	19	252.033	293.349	0.864419	29.446	259.339	265.273	0.51571	80.7971
	19	252.04	293.273	0.860505	29.109	259.176	265.363	0.489276	80.6904
	19	251.942	293.368	0.859383	29.4863	259.043	265.348	0.482917	83.2187
	19	252.023	293.275	0.864963	28.7403	258.912	265.458	0.479957	75.8165
	19	252.102	293.358	0.866428	28.5215	258.918	265.529	0.446821	75.5401
	19	251.962	293.406	0.863494	29.689	259.021	265.768	0.445035	79.9446
	19	252.066	293.349	0.865327	30.2193	259.184	265.727	0.483926	78.3913
	19	251.966	293.498	0.864977	29.3378	258.914	265.814	0.428636	77.707
	19	251.977	293.252	0.862879	29.1953	259.115	265.64	0.480925	81.7826
	19	252.004	293.47	0.868808	29.1101	258.895	265.646	0.434283	79.0182
	19	252.092	293.192	0.871182	29.7831	259.058	265.544	0.491469	79.6971
	19	251.894	293.409	0.871309	29.8761	259.126	265.524	0.487631	78.8735
	19	251.798	293.493	0.864796	29.8167	258.92	265.627	0.418554	79.6072
	19	251.9	293.479	0.865013	29.3307	259.126	265.482	0.475521	79.2667
	19	251.914	293.431	0.866935	29.4667	259.119	265.594	0.488867	80.9576
	19	251.942	293.621	0.870702	29.17	259.172	265.492	0.493028	80.8286
	19	251.955	293.508	0.862823	30.2648	258.996	265.462	0.502974	81.8889
